#Map tiles: Dimensions followed by tile separated by [ ].
100 100
[00000][00002][00000][00002][00000][00002][00002][00001][00010][00004][00011][00001][00003][00002][00000][00001][00000][00000][00000][00010][00004][00004][00005][00004][00004][00004][00005][00005][00005][00011][00000][00003][00000][00002][00000][00000][00001][00003][00002][00000][00001][00003][00003][00000][00001][00010][00004][00004][00005][00004][00005][00005][00004][00011][00002][00000][00000][00001][00010][00005][00011][00002][00003][00000][00002][00003][00002][00002][00002][00002][00002][00000][00003][00002][00000][00003][00000][00000][00000][00010][00004][00011][00000][00001][00001][00003][00000][00008][00004][00009][00002][00001][00002][00001][00002][00001][00001][00001][00003][00000]
[00003][00000][00002][00000][00002][00000][00000][00001][00008][00005][00009][00002][00002][00000][00003][00003][00002][00003][00001][00008][00005][00004][00005][00004][00005][00005][00004][00004][00005][00009][00002][00002][00000][00002][00003][00002][00003][00000][00003][00001][00001][00001][00010][00006][00006][00014][00005][00004][00004][00005][00005][00005][00005][00009][00003][00003][00001][00000][00008][00005][00009][00000][00001][00003][00000][00000][00003][00001][00000][00002][00003][00000][00003][00001][00002][00001][00010][00006][00006][00014][00004][00015][00011][00002][00003][00001][00001][00008][00004][00009][00002][00002][00000][00000][00001][00003][00001][00003][00000][00000]
[00001][00002][00003][00003][00001][00002][00000][00002][00012][00007][00013][00002][00002][00001][00003][00001][00002][00000][00003][00012][00007][00007][00007][00007][00016][00005][00017][00007][00007][00013][00000][00003][00000][00000][00001][00003][00000][00001][00001][00002][00002][00000][00008][00005][00017][00007][00016][00005][00005][00005][00004][00017][00007][00013][00002][00003][00002][00003][00008][00005][00009][00001][00010][00006][00011][00001][00001][00003][00002][00002][00003][00001][00002][00002][00000][00000][00008][00005][00017][00007][00016][00004][00015][00006][00006][00006][00011][00012][00007][00013][00003][00000][00001][00001][00003][00003][00001][00002][00003][00002]
[00010][00006][00011][00000][00002][00001][00003][00001][00003][00002][00003][00000][00002][00000][00000][00003][00002][00001][00002][00001][00000][00003][00002][00000][00012][00007][00013][00002][00001][00000][00000][00002][00001][00002][00001][00000][00000][00002][00000][00001][00001][00003][00012][00007][00013][00000][00008][00004][00004][00005][00017][00013][00003][00000][00003][00001][00001][00002][00008][00004][00009][00002][00008][00004][00015][00011][00001][00001][00003][00003][00003][00003][00000][00000][00002][00000][00012][00007][00013][00002][00012][00016][00004][00005][00005][00005][00009][00000][00000][00003][00002][00003][00001][00000][00003][00000][00002][00002][00003][00003]
[00004][00004][00009][00001][00002][00001][00001][00001][00002][00001][00003][00003][00003][00002][00002][00003][00002][00010][00006][00011][00000][00000][00000][00000][00001][00003][00010][00006][00006][00006][00011][00003][00003][00003][00003][00001][00003][00000][00003][00010][00006][00011][00003][00002][00010][00006][00014][00005][00004][00005][00009][00002][00001][00002][00000][00002][00001][00003][00012][00007][00013][00000][00008][00005][00005][00009][00002][00001][00000][00000][00001][00000][00002][00003][00003][00003][00001][00001][00003][00003][00003][00008][00005][00005][00005][00004][00009][00000][00003][00002][00001][00003][00002][00000][00000][00001][00003][00010][00006][00011]
[00005][00005][00009][00000][00000][00000][00001][00001][00001][00002][00002][00001][00000][00000][00000][00010][00006][00014][00004][00009][00000][00000][00002][00001][00002][00001][00008][00004][00004][00005][00009][00003][00003][00003][00001][00003][00002][00003][00002][00008][00005][00015][00011][00001][00008][00004][00005][00005][00004][00004][00009][00003][00001][00002][00000][00002][00000][00000][00000][00000][00002][00001][00012][00007][00007][00019][00006][00011][00002][00010][00006][00006][00006][00011][00001][00002][00002][00001][00000][00003][00000][00008][00004][00005][00017][00007][00013][00000][00000][00003][00003][00001][00000][00003][00001][00003][00003][00008][00005][00004]
[00012][00007][00013][00003][00003][00001][00003][00001][00000][00001][00010][00006][00011][00000][00002][00008][00005][00005][00005][00015][00011][00000][00002][00000][00003][00001][00012][00016][00005][00017][00013][00001][00003][00000][00003][00002][00001][00001][00002][00012][00016][00004][00009][00002][00012][00016][00005][00004][00005][00005][00015][00006][00006][00011][00000][00001][00000][00003][00001][00000][00000][00002][00003][00001][00000][00008][00004][00015][00006][00014][00005][00004][00005][00009][00002][00001][00003][00000][00001][00010][00006][00014][00017][00007][00013][00003][00002][00000][00001][00002][00000][00002][00001][00001][00000][00000][00001][00012][00016][00004]
[00003][00002][00003][00003][00002][00002][00010][00006][00006][00006][00014][00005][00015][00011][00001][00012][00007][00007][00016][00004][00009][00002][00000][00003][00000][00003][00000][00012][00007][00013][00002][00001][00000][00001][00000][00003][00000][00003][00003][00003][00012][00007][00013][00000][00000][00008][00004][00004][00005][00005][00005][00005][00004][00009][00002][00000][00001][00003][00000][00000][00001][00001][00000][00000][00003][00012][00007][00007][00016][00004][00005][00004][00004][00009][00003][00003][00003][00000][00003][00008][00004][00005][00009][00001][00001][00000][00003][00002][00002][00000][00000][00001][00003][00000][00000][00001][00000][00001][00012][00007]
[00000][00000][00002][00000][00001][00001][00008][00005][00005][00005][00005][00005][00005][00009][00000][00002][00000][00003][00012][00007][00013][00000][00001][00010][00006][00011][00000][00000][00002][00001][00000][00000][00000][00000][00002][00001][00002][00000][00003][00002][00003][00001][00000][00001][00003][00012][00016][00005][00017][00007][00007][00007][00007][00013][00003][00003][00000][00001][00003][00002][00002][00003][00002][00000][00000][00003][00003][00000][00012][00007][00007][00016][00005][00009][00003][00002][00002][00003][00000][00012][00007][00007][00013][00001][00001][00003][00003][00000][00001][00000][00000][00000][00000][00003][00001][00002][00001][00003][00000][00001]
[00001][00002][00000][00001][00002][00003][00012][00016][00005][00005][00017][00007][00007][00013][00002][00000][00001][00003][00003][00003][00002][00002][00002][00008][00004][00009][00001][00003][00002][00001][00001][00001][00003][00003][00000][00000][00003][00002][00003][00003][00000][00000][00002][00003][00001][00001][00008][00004][00009][00003][00001][00001][00000][00003][00002][00000][00010][00006][00011][00000][00001][00003][00000][00001][00000][00003][00001][00001][00002][00000][00002][00008][00005][00009][00001][00000][00002][00003][00000][00001][00001][00003][00000][00000][00001][00001][00000][00001][00003][00001][00003][00002][00002][00000][00000][00003][00003][00000][00001][00002]
[00000][00001][00003][00002][00002][00002][00003][00008][00005][00005][00009][00000][00003][00000][00003][00001][00000][00002][00002][00002][00002][00000][00000][00012][00007][00013][00000][00002][00003][00003][00000][00000][00003][00002][00002][00001][00001][00001][00000][00000][00003][00003][00000][00002][00001][00001][00008][00004][00009][00003][00002][00000][00002][00000][00000][00010][00014][00004][00009][00003][00002][00000][00001][00001][00003][00002][00002][00001][00002][00001][00001][00008][00004][00009][00000][00003][00001][00003][00000][00002][00000][00001][00003][00000][00003][00002][00000][00003][00002][00003][00000][00001][00002][00010][00006][00006][00006][00011][00003][00003]
[00002][00000][00003][00002][00000][00000][00010][00014][00004][00004][00015][00011][00003][00000][00000][00003][00000][00002][00003][00002][00003][00003][00000][00000][00003][00001][00010][00006][00006][00011][00002][00002][00002][00002][00000][00003][00001][00002][00002][00003][00002][00002][00001][00003][00002][00002][00012][00007][00013][00002][00001][00002][00000][00002][00001][00008][00004][00017][00013][00001][00001][00000][00003][00000][00010][00006][00011][00003][00002][00000][00001][00008][00004][00009][00000][00000][00003][00001][00000][00001][00001][00001][00003][00003][00000][00000][00003][00003][00003][00000][00002][00001][00003][00008][00004][00005][00004][00009][00001][00002]
[00002][00000][00000][00000][00002][00000][00008][00005][00004][00005][00004][00009][00000][00000][00000][00003][00000][00000][00001][00003][00000][00001][00002][00001][00000][00002][00008][00004][00005][00009][00001][00001][00002][00001][00001][00002][00002][00001][00002][00000][00000][00002][00001][00003][00000][00000][00003][00003][00003][00000][00002][00001][00003][00002][00000][00012][00007][00013][00001][00000][00003][00001][00002][00000][00008][00005][00009][00003][00002][00003][00002][00008][00004][00015][00011][00003][00001][00001][00003][00002][00003][00000][00003][00000][00000][00003][00002][00002][00001][00001][00002][00010][00006][00014][00017][00007][00007][00013][00003][00000]
[00001][00000][00003][00003][00002][00001][00012][00007][00007][00007][00007][00013][00003][00003][00002][00000][00002][00003][00001][00001][00000][00001][00000][00003][00003][00003][00012][00007][00007][00013][00001][00001][00003][00002][00003][00002][00001][00003][00001][00002][00001][00000][00001][00002][00000][00001][00003][00003][00000][00003][00000][00003][00001][00001][00002][00001][00001][00010][00006][00006][00011][00002][00001][00001][00008][00005][00015][00011][00003][00000][00001][00008][00005][00005][00009][00003][00002][00003][00002][00001][00000][00000][00001][00000][00001][00003][00003][00001][00001][00000][00000][00008][00005][00005][00009][00003][00002][00001][00000][00003]
[00001][00001][00010][00006][00011][00000][00000][00002][00002][00001][00000][00002][00003][00002][00002][00003][00001][00000][00000][00003][00000][00000][00003][00002][00003][00001][00001][00001][00001][00000][00001][00001][00001][00001][00003][00003][00001][00000][00003][00001][00001][00003][00000][00001][00000][00002][00000][00003][00000][00002][00010][00006][00006][00006][00006][00011][00001][00008][00004][00005][00009][00001][00003][00002][00008][00005][00004][00009][00002][00000][00003][00008][00004][00017][00013][00000][00003][00003][00000][00002][00000][00002][00000][00010][00006][00006][00006][00011][00002][00003][00010][00014][00005][00005][00009][00003][00002][00002][00000][00003]
[00002][00003][00008][00004][00009][00000][00001][00002][00003][00000][00003][00002][00002][00003][00001][00000][00003][00003][00000][00000][00003][00000][00002][00002][00001][00001][00002][00000][00002][00002][00002][00000][00002][00002][00000][00003][00001][00003][00001][00010][00006][00011][00002][00001][00002][00001][00010][00006][00011][00001][00008][00005][00004][00005][00004][00009][00003][00012][00007][00007][00013][00000][00000][00002][00008][00005][00017][00013][00001][00002][00000][00012][00007][00013][00003][00003][00002][00000][00001][00002][00003][00001][00010][00014][00005][00004][00004][00009][00001][00001][00008][00004][00004][00004][00009][00003][00002][00000][00000][00002]
[00002][00000][00012][00007][00013][00002][00003][00002][00001][00000][00003][00001][00002][00003][00002][00001][00002][00002][00003][00000][00000][00001][00003][00001][00000][00001][00001][00000][00000][00001][00003][00010][00006][00011][00002][00000][00002][00002][00010][00014][00004][00015][00011][00000][00001][00002][00008][00005][00015][00006][00014][00005][00004][00005][00004][00009][00003][00001][00000][00003][00001][00003][00001][00003][00012][00007][00013][00002][00001][00003][00002][00003][00003][00000][00000][00003][00002][00002][00003][00001][00002][00001][00008][00005][00017][00007][00007][00013][00002][00003][00008][00004][00004][00005][00015][00006][00011][00001][00002][00000]
[00002][00000][00001][00003][00003][00003][00002][00003][00003][00002][00002][00000][00000][00002][00001][00002][00001][00001][00010][00006][00006][00011][00002][00003][00000][00002][00003][00001][00000][00003][00003][00008][00005][00009][00002][00002][00000][00003][00008][00005][00005][00005][00015][00011][00002][00002][00012][00007][00007][00016][00004][00005][00005][00005][00004][00015][00011][00003][00003][00001][00000][00001][00000][00000][00000][00003][00001][00002][00003][00000][00000][00000][00003][00000][00001][00002][00003][00000][00001][00001][00010][00006][00014][00004][00009][00001][00000][00002][00002][00003][00012][00007][00007][00007][00016][00005][00009][00002][00002][00001]
[00002][00002][00001][00000][00000][00000][00002][00003][00003][00001][00000][00010][00006][00011][00001][00001][00000][00003][00008][00004][00005][00009][00000][00001][00002][00000][00000][00001][00001][00001][00001][00012][00007][00013][00002][00000][00002][00003][00012][00007][00007][00016][00005][00009][00003][00002][00002][00002][00001][00012][00007][00007][00007][00016][00004][00005][00009][00001][00003][00000][00002][00002][00002][00003][00003][00001][00003][00001][00001][00001][00002][00000][00000][00000][00000][00001][00001][00001][00001][00000][00008][00004][00005][00004][00015][00006][00011][00002][00001][00002][00000][00003][00002][00000][00012][00007][00013][00001][00000][00001]
[00001][00003][00002][00003][00001][00002][00001][00003][00003][00002][00010][00014][00005][00009][00003][00001][00003][00003][00008][00005][00017][00013][00001][00001][00003][00001][00001][00003][00002][00002][00003][00002][00002][00000][00003][00003][00003][00003][00002][00003][00002][00012][00007][00013][00000][00001][00002][00002][00001][00000][00003][00003][00002][00012][00016][00004][00009][00002][00000][00002][00002][00001][00003][00003][00002][00003][00002][00003][00002][00001][00003][00001][00001][00010][00006][00011][00001][00000][00003][00000][00012][00016][00005][00004][00005][00005][00009][00003][00003][00001][00002][00002][00001][00003][00003][00001][00003][00001][00001][00003]
[00001][00001][00002][00001][00000][00001][00001][00001][00001][00001][00008][00004][00004][00009][00002][00001][00000][00001][00008][00005][00009][00000][00001][00001][00001][00002][00000][00000][00001][00003][00000][00002][00003][00002][00003][00000][00002][00003][00003][00001][00002][00001][00001][00003][00000][00000][00002][00000][00000][00001][00002][00002][00000][00000][00008][00005][00015][00006][00006][00006][00011][00002][00001][00003][00002][00000][00002][00003][00010][00006][00011][00001][00002][00008][00004][00009][00000][00003][00001][00002][00001][00012][00007][00016][00004][00017][00013][00003][00002][00002][00003][00000][00003][00003][00001][00000][00003][00002][00001][00000]
[00002][00002][00003][00000][00001][00000][00000][00003][00001][00002][00012][00016][00005][00015][00006][00011][00003][00001][00012][00007][00019][00006][00011][00002][00000][00001][00000][00001][00003][00000][00002][00001][00002][00001][00010][00006][00011][00002][00003][00000][00002][00001][00001][00000][00002][00001][00001][00001][00002][00000][00001][00002][00001][00003][00008][00004][00005][00005][00004][00005][00009][00000][00000][00002][00002][00003][00002][00002][00008][00005][00009][00003][00000][00012][00007][00013][00003][00000][00002][00001][00002][00002][00001][00008][00004][00009][00001][00002][00000][00002][00001][00001][00002][00002][00001][00001][00002][00001][00001][00000]
[00000][00003][00001][00001][00000][00010][00006][00006][00006][00011][00003][00008][00005][00004][00005][00009][00003][00001][00001][00003][00008][00005][00009][00003][00001][00003][00002][00002][00003][00003][00001][00003][00001][00010][00014][00004][00009][00003][00000][00010][00006][00011][00001][00002][00001][00002][00010][00006][00011][00003][00003][00002][00003][00003][00008][00005][00005][00005][00004][00004][00009][00000][00002][00002][00000][00002][00002][00000][00008][00004][00009][00000][00000][00001][00001][00002][00002][00000][00003][00001][00000][00001][00003][00008][00004][00009][00003][00000][00003][00001][00002][00003][00010][00006][00011][00001][00002][00001][00001][00000]
[00001][00001][00003][00002][00010][00014][00005][00004][00005][00009][00001][00008][00005][00005][00017][00013][00001][00001][00003][00002][00008][00004][00009][00002][00003][00003][00002][00001][00002][00002][00000][00003][00000][00008][00005][00017][00013][00002][00010][00014][00005][00015][00006][00006][00011][00002][00008][00004][00009][00003][00003][00003][00003][00000][00012][00016][00005][00005][00005][00004][00009][00003][00000][00001][00001][00002][00002][00010][00014][00005][00009][00000][00001][00001][00002][00003][00003][00001][00001][00001][00010][00006][00006][00014][00005][00009][00003][00000][00002][00003][00002][00000][00008][00005][00009][00003][00000][00001][00000][00001]
[00002][00001][00003][00002][00008][00004][00005][00004][00017][00013][00000][00008][00005][00017][00013][00001][00003][00003][00000][00001][00012][00007][00019][00006][00011][00001][00003][00003][00003][00003][00001][00001][00001][00012][00007][00013][00000][00001][00008][00004][00005][00005][00005][00005][00009][00003][00012][00007][00013][00000][00002][00001][00001][00000][00001][00012][00016][00005][00004][00004][00009][00001][00001][00000][00001][00001][00000][00008][00005][00017][00013][00001][00001][00001][00000][00003][00003][00000][00000][00002][00008][00004][00005][00004][00005][00009][00002][00000][00001][00003][00001][00000][00012][00007][00013][00003][00002][00010][00006][00011]
[00003][00000][00001][00001][00012][00007][00007][00007][00013][00001][00000][00008][00005][00009][00001][00000][00001][00003][00002][00001][00003][00002][00008][00004][00009][00000][00001][00001][00000][00000][00002][00002][00000][00003][00003][00000][00001][00003][00012][00007][00007][00007][00016][00005][00009][00001][00000][00000][00003][00002][00001][00003][00003][00000][00001][00003][00008][00005][00005][00004][00009][00003][00001][00000][00002][00003][00002][00008][00004][00009][00003][00001][00001][00002][00003][00000][00003][00001][00002][00003][00008][00005][00005][00005][00004][00015][00011][00002][00010][00006][00006][00011][00000][00000][00000][00001][00003][00008][00005][00004]
[00002][00001][00001][00003][00000][00003][00002][00002][00003][00001][00010][00014][00004][00015][00011][00002][00000][00000][00000][00001][00003][00001][00012][00007][00013][00000][00001][00002][00000][00003][00001][00001][00002][00003][00002][00002][00003][00003][00002][00001][00003][00001][00008][00005][00015][00011][00003][00003][00002][00002][00000][00000][00003][00001][00002][00000][00012][00007][00007][00007][00013][00000][00000][00002][00003][00003][00001][00008][00004][00009][00003][00000][00000][00003][00002][00003][00000][00000][00001][00003][00012][00016][00004][00004][00005][00005][00009][00000][00008][00005][00005][00009][00003][00000][00000][00003][00003][00012][00016][00005]
[00001][00001][00002][00001][00000][00000][00001][00003][00000][00000][00008][00005][00005][00005][00009][00000][00003][00000][00001][00001][00003][00003][00003][00003][00000][00003][00001][00003][00003][00003][00002][00003][00000][00003][00002][00001][00001][00000][00000][00003][00000][00000][00012][00016][00004][00009][00000][00000][00000][00000][00000][00002][00003][00001][00000][00003][00000][00002][00001][00003][00003][00000][00000][00001][00002][00003][00000][00012][00007][00013][00002][00003][00002][00001][00000][00003][00002][00000][00002][00003][00003][00012][00007][00007][00007][00007][00013][00001][00012][00007][00007][00013][00003][00001][00000][00001][00001][00003][00012][00007]
[00002][00002][00001][00003][00000][00003][00002][00001][00003][00002][00008][00004][00005][00017][00013][00003][00002][00003][00003][00000][00002][00000][00000][00001][00002][00000][00003][00010][00006][00011][00003][00003][00000][00000][00002][00002][00001][00003][00003][00010][00006][00011][00003][00012][00007][00013][00010][00006][00011][00002][00002][00003][00001][00001][00003][00002][00001][00002][00001][00000][00003][00001][00001][00000][00002][00000][00001][00000][00002][00001][00003][00001][00000][00000][00010][00006][00011][00001][00001][00001][00001][00002][00001][00000][00003][00003][00003][00002][00001][00001][00003][00003][00003][00001][00002][00000][00002][00002][00003][00002]
[00001][00000][00000][00001][00001][00002][00001][00000][00002][00000][00008][00004][00017][00013][00003][00000][00001][00000][00000][00000][00003][00002][00001][00003][00003][00001][00010][00014][00004][00009][00000][00002][00000][00002][00003][00000][00000][00000][00010][00014][00004][00009][00002][00003][00001][00003][00008][00005][00009][00002][00002][00003][00003][00001][00003][00003][00002][00000][00001][00002][00000][00003][00003][00001][00003][00003][00003][00001][00003][00002][00002][00000][00003][00001][00008][00005][00009][00003][00001][00001][00002][00000][00001][00003][00003][00000][00000][00002][00000][00000][00003][00001][00000][00001][00002][00002][00003][00002][00003][00000]
[00002][00010][00006][00006][00011][00000][00000][00000][00010][00006][00018][00007][00013][00003][00001][00000][00002][00000][00000][00002][00003][00000][00010][00006][00011][00001][00008][00004][00017][00013][00002][00002][00003][00001][00003][00001][00003][00001][00008][00004][00017][00013][00001][00002][00001][00001][00012][00016][00015][00011][00002][00000][00002][00001][00001][00000][00001][00001][00000][00000][00002][00001][00003][00002][00001][00003][00001][00003][00010][00006][00006][00006][00011][00000][00012][00007][00013][00002][00010][00006][00011][00001][00003][00002][00001][00010][00006][00011][00002][00003][00001][00000][00000][00003][00010][00006][00011][00002][00003][00001]
[00001][00008][00005][00005][00009][00000][00002][00001][00008][00005][00009][00001][00003][00001][00000][00000][00001][00000][00001][00002][00002][00000][00008][00005][00009][00002][00012][00007][00013][00000][00001][00003][00003][00003][00002][00000][00000][00000][00012][00007][00013][00002][00001][00000][00000][00001][00001][00008][00004][00009][00002][00000][00001][00002][00000][00002][00000][00000][00001][00002][00003][00002][00001][00002][00010][00006][00006][00006][00014][00005][00004][00004][00015][00011][00001][00002][00002][00001][00008][00005][00009][00000][00002][00001][00000][00008][00004][00009][00000][00002][00002][00000][00001][00010][00014][00005][00015][00006][00011][00002]
[00010][00014][00017][00007][00013][00002][00003][00001][00008][00005][00009][00002][00002][00010][00006][00011][00002][00003][00002][00000][00002][00002][00008][00004][00015][00011][00002][00001][00002][00010][00006][00011][00000][00002][00000][00001][00000][00003][00002][00002][00001][00003][00001][00000][00001][00000][00000][00012][00007][00019][00006][00011][00001][00002][00003][00003][00002][00003][00001][00002][00003][00002][00001][00003][00008][00005][00005][00005][00004][00004][00005][00004][00004][00009][00000][00002][00002][00003][00012][00007][00013][00003][00002][00003][00002][00012][00007][00013][00000][00000][00002][00002][00002][00008][00005][00005][00004][00005][00009][00001]
[00005][00005][00009][00000][00002][00001][00002][00003][00008][00004][00015][00006][00006][00014][00005][00015][00006][00006][00011][00001][00001][00000][00008][00004][00005][00009][00002][00003][00010][00014][00005][00009][00001][00002][00001][00001][00003][00001][00003][00002][00000][00002][00002][00010][00006][00011][00000][00001][00003][00008][00004][00009][00000][00003][00002][00003][00002][00002][00001][00001][00001][00000][00002][00002][00008][00004][00005][00005][00017][00007][00007][00007][00007][00019][00006][00011][00001][00002][00002][00003][00003][00000][00002][00002][00000][00000][00000][00001][00003][00000][00000][00002][00002][00012][00016][00004][00017][00007][00013][00000]
[00012][00007][00013][00000][00001][00003][00000][00001][00008][00005][00005][00005][00004][00005][00017][00007][00016][00004][00009][00003][00000][00003][00008][00005][00017][00013][00003][00001][00008][00004][00017][00013][00003][00001][00010][00006][00011][00002][00002][00001][00001][00000][00010][00014][00005][00009][00002][00000][00001][00008][00005][00009][00002][00001][00003][00003][00002][00003][00002][00003][00002][00002][00000][00000][00012][00016][00005][00004][00009][00001][00002][00001][00003][00008][00004][00009][00001][00002][00001][00000][00003][00001][00003][00003][00000][00000][00000][00003][00003][00003][00002][00000][00002][00001][00012][00007][00013][00003][00003][00003]
[00003][00000][00003][00001][00000][00000][00002][00000][00012][00007][00007][00007][00016][00004][00009][00001][00012][00007][00013][00001][00002][00001][00012][00007][00013][00001][00002][00000][00008][00005][00009][00003][00000][00000][00008][00005][00015][00011][00001][00002][00002][00003][00008][00004][00005][00009][00002][00000][00003][00008][00005][00015][00011][00003][00003][00000][00003][00002][00002][00003][00003][00002][00000][00000][00000][00012][00016][00005][00009][00002][00003][00001][00002][00012][00007][00013][00000][00002][00002][00002][00000][00002][00002][00003][00001][00003][00000][00000][00003][00003][00001][00003][00003][00000][00000][00002][00000][00000][00002][00001]
[00001][00000][00003][00000][00002][00001][00003][00001][00001][00001][00002][00001][00012][00007][00013][00000][00001][00003][00001][00001][00002][00002][00003][00002][00003][00000][00000][00000][00008][00005][00009][00002][00002][00003][00012][00016][00005][00009][00003][00002][00001][00001][00012][00007][00007][00019][00006][00011][00000][00008][00005][00005][00009][00002][00003][00003][00000][00000][00001][00001][00001][00000][00010][00006][00011][00001][00012][00007][00013][00003][00000][00002][00000][00003][00000][00002][00000][00002][00000][00003][00002][00010][00006][00011][00002][00000][00000][00000][00001][00000][00001][00000][00002][00000][00003][00001][00002][00003][00000][00001]
[00010][00006][00011][00003][00000][00003][00001][00002][00003][00002][00000][00001][00000][00002][00001][00003][00001][00000][00000][00003][00001][00010][00006][00006][00011][00001][00002][00000][00008][00004][00009][00000][00003][00001][00002][00012][00007][00013][00002][00003][00003][00000][00000][00000][00001][00008][00004][00015][00006][00018][00007][00007][00013][00001][00002][00003][00001][00010][00006][00011][00001][00000][00008][00005][00009][00001][00002][00003][00001][00000][00002][00001][00001][00001][00002][00002][00001][00003][00000][00003][00001][00008][00004][00009][00003][00000][00001][00003][00001][00000][00003][00001][00003][00002][00000][00001][00002][00001][00002][00003]
[00005][00005][00009][00000][00003][00001][00001][00003][00002][00001][00003][00001][00002][00003][00002][00000][00002][00001][00002][00002][00002][00008][00005][00005][00015][00011][00001][00002][00008][00005][00015][00011][00002][00000][00001][00003][00001][00000][00002][00003][00000][00001][00003][00002][00002][00008][00005][00005][00004][00009][00000][00001][00002][00001][00001][00000][00001][00008][00005][00009][00002][00000][00012][00007][00013][00000][00000][00000][00001][00000][00002][00002][00001][00003][00002][00000][00003][00002][00000][00000][00003][00008][00004][00009][00001][00003][00002][00001][00003][00003][00002][00002][00001][00000][00010][00006][00011][00000][00002][00003]
[00004][00017][00013][00002][00002][00000][00003][00003][00000][00001][00003][00000][00003][00001][00003][00000][00002][00000][00010][00006][00006][00014][00004][00005][00005][00009][00001][00010][00014][00004][00005][00009][00003][00000][00001][00000][00001][00000][00001][00003][00003][00001][00000][00001][00001][00008][00004][00017][00007][00013][00001][00003][00010][00006][00011][00003][00000][00012][00007][00013][00001][00000][00001][00001][00002][00002][00003][00001][00000][00002][00002][00003][00003][00000][00010][00006][00011][00000][00001][00002][00003][00012][00007][00013][00003][00000][00001][00000][00002][00002][00000][00003][00002][00001][00008][00005][00009][00003][00001][00001]
[00007][00013][00001][00001][00001][00003][00000][00000][00002][00001][00000][00010][00006][00011][00003][00002][00003][00002][00008][00005][00004][00004][00017][00007][00007][00013][00002][00008][00005][00017][00007][00013][00000][00002][00002][00000][00002][00003][00000][00000][00001][00010][00006][00011][00001][00012][00007][00013][00000][00003][00001][00003][00008][00005][00015][00006][00006][00011][00003][00001][00003][00000][00002][00003][00002][00000][00001][00000][00002][00002][00003][00002][00000][00001][00008][00004][00009][00002][00002][00002][00001][00003][00003][00003][00002][00003][00003][00003][00001][00000][00000][00002][00003][00003][00012][00007][00013][00003][00001][00002]
[00001][00010][00006][00011][00003][00010][00006][00006][00006][00006][00006][00014][00005][00009][00001][00003][00000][00003][00008][00005][00005][00005][00009][00003][00001][00002][00000][00008][00005][00009][00002][00000][00000][00003][00002][00001][00000][00001][00003][00002][00001][00008][00004][00009][00000][00002][00002][00001][00003][00000][00003][00001][00012][00016][00004][00005][00005][00009][00002][00000][00003][00000][00002][00002][00001][00001][00003][00000][00000][00003][00001][00003][00010][00006][00018][00007][00019][00006][00006][00011][00000][00000][00002][00003][00003][00000][00003][00003][00003][00001][00002][00002][00000][00002][00000][00000][00002][00001][00000][00000]
[00000][00008][00004][00015][00006][00014][00005][00004][00004][00004][00004][00004][00017][00013][00000][00003][00002][00002][00012][00016][00005][00004][00009][00002][00001][00002][00000][00012][00007][00013][00003][00003][00003][00002][00000][00001][00003][00001][00003][00001][00001][00012][00007][00013][00002][00002][00000][00003][00003][00000][00002][00003][00003][00008][00004][00005][00004][00015][00006][00011][00001][00002][00000][00001][00001][00003][00002][00000][00002][00002][00000][00000][00008][00004][00009][00003][00008][00004][00004][00009][00003][00002][00003][00003][00003][00000][00001][00002][00002][00000][00002][00002][00003][00010][00006][00006][00006][00006][00006][00011]
[00000][00012][00016][00004][00017][00007][00016][00004][00004][00005][00005][00017][00013][00000][00003][00002][00000][00003][00001][00012][00016][00004][00009][00000][00003][00003][00001][00001][00001][00002][00001][00002][00001][00002][00002][00000][00000][00002][00001][00001][00001][00002][00000][00000][00000][00001][00001][00001][00003][00000][00001][00003][00010][00014][00005][00005][00005][00004][00004][00009][00000][00000][00002][00002][00003][00001][00003][00002][00001][00001][00001][00001][00012][00007][00013][00002][00008][00005][00004][00009][00003][00002][00000][00002][00001][00003][00002][00002][00003][00000][00002][00001][00002][00008][00004][00005][00004][00004][00004][00004]
[00003][00003][00012][00007][00013][00002][00012][00007][00007][00007][00007][00013][00000][00003][00003][00003][00003][00001][00001][00001][00008][00004][00015][00006][00006][00011][00003][00002][00002][00001][00001][00002][00003][00000][00000][00003][00000][00000][00003][00003][00002][00000][00002][00000][00002][00000][00003][00002][00002][00001][00001][00002][00008][00005][00017][00007][00016][00005][00005][00009][00002][00002][00000][00000][00001][00010][00006][00011][00003][00002][00001][00002][00003][00003][00001][00010][00014][00004][00005][00015][00006][00011][00000][00001][00001][00001][00000][00001][00000][00000][00000][00000][00001][00012][00007][00007][00007][00007][00007][00013]
[00010][00006][00011][00003][00001][00002][00001][00002][00000][00001][00002][00003][00003][00003][00003][00000][00003][00000][00001][00001][00012][00007][00007][00016][00005][00009][00002][00002][00000][00000][00000][00001][00001][00002][00000][00003][00002][00003][00000][00000][00000][00002][00002][00000][00003][00000][00000][00000][00001][00003][00002][00002][00012][00007][00013][00001][00008][00004][00017][00013][00002][00003][00000][00003][00010][00014][00004][00015][00006][00006][00011][00003][00001][00002][00003][00008][00004][00005][00004][00005][00005][00009][00000][00001][00003][00003][00002][00001][00003][00002][00003][00002][00002][00000][00000][00002][00003][00000][00002][00002]
[00005][00005][00009][00000][00002][00002][00001][00003][00002][00001][00000][00001][00001][00003][00000][00002][00003][00000][00000][00003][00001][00000][00000][00008][00005][00009][00002][00002][00000][00000][00003][00001][00002][00003][00003][00002][00003][00000][00000][00002][00001][00000][00002][00002][00001][00002][00000][00001][00002][00002][00002][00001][00002][00002][00002][00010][00014][00004][00009][00001][00003][00003][00001][00000][00008][00005][00017][00007][00016][00005][00009][00001][00003][00002][00003][00008][00004][00004][00005][00005][00004][00009][00000][00001][00001][00001][00001][00000][00001][00001][00002][00000][00000][00001][00000][00002][00000][00003][00001][00002]
[00004][00004][00015][00006][00006][00011][00003][00000][00000][00003][00002][00000][00001][00000][00003][00000][00003][00000][00001][00002][00002][00000][00002][00012][00007][00013][00003][00001][00001][00001][00003][00001][00010][00006][00011][00000][00000][00002][00003][00002][00000][00003][00003][00001][00003][00002][00003][00002][00003][00002][00003][00001][00000][00000][00000][00008][00005][00004][00009][00002][00001][00001][00001][00003][00012][00007][00013][00001][00008][00005][00009][00003][00003][00002][00000][00008][00004][00017][00007][00007][00007][00019][00006][00006][00006][00011][00000][00003][00002][00000][00002][00001][00002][00001][00001][00000][00001][00002][00000][00002]
[00005][00005][00005][00005][00005][00009][00003][00000][00002][00003][00001][00001][00003][00001][00003][00001][00002][00001][00002][00002][00003][00002][00002][00001][00000][00001][00002][00000][00000][00001][00002][00000][00008][00005][00015][00011][00003][00000][00003][00002][00002][00000][00000][00000][00003][00002][00001][00003][00003][00003][00001][00001][00003][00000][00002][00008][00004][00005][00015][00006][00011][00002][00000][00002][00000][00003][00001][00002][00012][00016][00015][00011][00002][00002][00000][00012][00007][00013][00003][00001][00001][00008][00004][00005][00005][00009][00002][00002][00003][00003][00002][00001][00002][00001][00000][00001][00002][00002][00001][00001]
[00007][00007][00016][00005][00017][00013][00000][00002][00002][00000][00002][00010][00006][00011][00003][00002][00003][00001][00003][00003][00000][00000][00000][00003][00003][00001][00002][00002][00002][00001][00003][00002][00008][00004][00004][00009][00002][00001][00002][00010][00006][00011][00000][00000][00003][00001][00000][00003][00000][00001][00002][00001][00000][00002][00002][00012][00007][00016][00004][00004][00009][00000][00000][00000][00001][00000][00002][00000][00001][00008][00005][00015][00011][00002][00002][00002][00000][00000][00002][00000][00002][00012][00007][00016][00005][00009][00003][00001][00000][00003][00002][00000][00000][00003][00003][00001][00002][00001][00000][00000]
[00000][00003][00012][00007][00013][00000][00002][00003][00003][00000][00010][00014][00004][00009][00001][00000][00000][00010][00006][00011][00001][00002][00010][00006][00011][00001][00000][00003][00002][00000][00002][00002][00012][00007][00007][00013][00002][00002][00000][00008][00005][00015][00011][00002][00003][00000][00010][00006][00011][00000][00002][00001][00001][00002][00002][00002][00000][00008][00005][00004][00015][00006][00006][00006][00011][00001][00003][00002][00010][00014][00005][00004][00009][00001][00001][00000][00002][00001][00001][00000][00002][00002][00002][00008][00005][00009][00000][00000][00002][00003][00003][00003][00001][00000][00003][00000][00002][00002][00002][00002]
[00002][00000][00003][00003][00002][00002][00001][00001][00001][00003][00008][00004][00004][00009][00003][00000][00002][00008][00005][00009][00003][00003][00008][00004][00009][00003][00001][00001][00002][00003][00001][00000][00003][00000][00001][00001][00001][00001][00003][00012][00016][00005][00015][00006][00006][00006][00014][00004][00009][00000][00000][00010][00006][00011][00002][00002][00010][00014][00004][00004][00004][00004][00004][00005][00009][00003][00001][00000][00008][00005][00004][00004][00009][00001][00002][00002][00001][00000][00002][00000][00000][00001][00002][00012][00007][00013][00002][00001][00002][00002][00003][00000][00001][00000][00000][00000][00003][00001][00002][00003]
[00002][00002][00001][00003][00001][00003][00003][00000][00000][00010][00014][00004][00005][00015][00011][00003][00001][00012][00007][00013][00003][00001][00012][00007][00013][00003][00002][00002][00003][00002][00002][00001][00001][00003][00003][00002][00002][00003][00002][00003][00012][00016][00005][00005][00005][00017][00007][00007][00013][00000][00001][00008][00005][00009][00002][00002][00008][00004][00005][00005][00005][00017][00007][00007][00019][00006][00011][00001][00008][00004][00004][00005][00015][00006][00006][00011][00000][00003][00002][00003][00003][00001][00000][00002][00000][00003][00000][00002][00003][00002][00002][00003][00000][00001][00003][00003][00010][00006][00011][00003]
[00002][00003][00001][00002][00001][00001][00002][00003][00002][00008][00005][00004][00005][00004][00009][00003][00000][00002][00003][00000][00001][00000][00001][00003][00001][00001][00003][00002][00002][00000][00002][00003][00000][00000][00000][00001][00002][00000][00000][00003][00000][00012][00007][00016][00005][00009][00002][00003][00010][00006][00006][00018][00007][00013][00003][00000][00012][00016][00005][00004][00005][00009][00001][00000][00008][00005][00015][00011][00012][00007][00007][00016][00004][00005][00005][00015][00011][00003][00003][00001][00002][00000][00000][00001][00000][00002][00003][00001][00000][00002][00001][00001][00003][00001][00002][00000][00008][00004][00015][00011]
[00002][00000][00002][00000][00000][00003][00001][00003][00000][00008][00004][00005][00005][00004][00009][00002][00001][00000][00003][00003][00002][00000][00001][00000][00002][00001][00003][00002][00003][00003][00001][00003][00003][00010][00006][00011][00000][00000][00000][00000][00003][00003][00000][00008][00005][00009][00000][00000][00008][00005][00005][00009][00002][00003][00001][00003][00001][00008][00004][00004][00005][00009][00001][00002][00012][00016][00005][00009][00000][00001][00002][00012][00007][00007][00016][00005][00009][00001][00000][00000][00001][00001][00003][00001][00003][00000][00000][00002][00000][00002][00003][00002][00002][00003][00000][00003][00008][00005][00005][00005]
[00002][00003][00001][00002][00001][00001][00003][00003][00002][00008][00005][00004][00005][00004][00015][00011][00001][00002][00003][00002][00003][00001][00002][00010][00006][00006][00011][00003][00003][00000][00003][00000][00010][00014][00005][00009][00003][00000][00003][00002][00001][00001][00002][00008][00005][00015][00006][00006][00014][00004][00005][00009][00000][00000][00002][00000][00000][00012][00007][00007][00007][00013][00000][00000][00003][00012][00007][00013][00000][00000][00003][00000][00002][00002][00012][00007][00013][00000][00003][00010][00006][00006][00011][00001][00001][00002][00003][00002][00001][00001][00002][00002][00003][00001][00003][00002][00008][00004][00004][00005]
[00000][00003][00003][00000][00003][00003][00000][00003][00002][00012][00007][00007][00016][00004][00005][00009][00001][00001][00003][00003][00001][00001][00002][00008][00004][00004][00009][00001][00003][00002][00000][00003][00008][00004][00017][00013][00001][00002][00000][00000][00001][00001][00010][00014][00004][00005][00004][00004][00017][00007][00007][00013][00003][00000][00001][00003][00001][00003][00000][00003][00001][00000][00002][00001][00002][00002][00000][00000][00001][00001][00002][00000][00002][00003][00000][00000][00001][00003][00003][00008][00004][00004][00015][00006][00006][00011][00002][00003][00000][00000][00002][00001][00002][00010][00006][00006][00014][00004][00005][00005]
[00001][00001][00001][00003][00000][00003][00000][00010][00006][00011][00001][00003][00008][00004][00017][00013][00002][00000][00003][00002][00001][00001][00003][00012][00007][00007][00013][00001][00002][00003][00000][00003][00012][00007][00013][00002][00002][00000][00002][00002][00003][00003][00008][00004][00005][00017][00007][00007][00013][00003][00003][00000][00000][00001][00001][00000][00000][00000][00000][00001][00000][00003][00000][00003][00002][00001][00003][00003][00003][00001][00010][00006][00011][00003][00001][00000][00002][00000][00002][00012][00007][00007][00007][00016][00004][00015][00011][00001][00000][00001][00001][00001][00001][00008][00005][00005][00004][00005][00004][00005]
[00001][00000][00002][00002][00001][00001][00002][00008][00004][00015][00011][00003][00012][00007][00013][00000][00002][00003][00002][00001][00001][00000][00002][00002][00001][00002][00010][00006][00006][00011][00001][00003][00003][00000][00002][00000][00000][00001][00002][00003][00003][00002][00012][00007][00007][00013][00000][00001][00002][00002][00001][00002][00010][00006][00006][00006][00011][00002][00003][00001][00001][00001][00000][00002][00002][00001][00000][00000][00000][00010][00014][00005][00009][00002][00000][00001][00003][00000][00000][00002][00001][00002][00002][00012][00016][00005][00009][00003][00001][00002][00000][00000][00002][00012][00007][00007][00007][00016][00005][00005]
[00001][00000][00001][00010][00006][00011][00000][00012][00016][00004][00009][00000][00000][00003][00001][00000][00002][00002][00001][00002][00001][00001][00002][00001][00000][00010][00014][00004][00005][00015][00011][00001][00001][00002][00002][00000][00001][00002][00003][00001][00003][00003][00003][00001][00002][00001][00002][00000][00001][00000][00001][00002][00008][00005][00005][00005][00009][00000][00001][00003][00001][00003][00003][00003][00001][00003][00001][00003][00001][00008][00005][00005][00015][00006][00011][00000][00000][00003][00003][00000][00003][00003][00002][00002][00008][00004][00009][00003][00000][00001][00000][00002][00003][00002][00001][00001][00000][00012][00007][00013]
[00002][00010][00006][00014][00005][00009][00000][00002][00008][00017][00013][00000][00003][00001][00003][00010][00006][00006][00006][00006][00011][00001][00000][00002][00000][00008][00005][00004][00004][00004][00009][00003][00010][00006][00011][00002][00002][00002][00002][00000][00002][00000][00001][00001][00003][00001][00002][00003][00000][00003][00002][00003][00012][00016][00004][00017][00013][00001][00000][00001][00003][00000][00000][00001][00001][00000][00001][00003][00003][00012][00007][00007][00016][00004][00009][00000][00002][00000][00003][00000][00001][00003][00003][00000][00012][00007][00013][00002][00010][00006][00011][00002][00001][00000][00010][00006][00006][00011][00000][00001]
[00003][00008][00004][00017][00007][00013][00002][00010][00014][00009][00000][00001][00002][00001][00001][00008][00004][00005][00004][00005][00009][00002][00002][00000][00000][00012][00016][00004][00004][00005][00015][00006][00014][00004][00015][00011][00000][00000][00000][00001][00002][00002][00003][00000][00003][00000][00001][00003][00002][00003][00003][00002][00001][00012][00007][00013][00001][00003][00000][00002][00002][00003][00003][00002][00001][00003][00001][00002][00002][00003][00001][00001][00012][00016][00015][00011][00002][00003][00003][00000][00003][00000][00001][00000][00002][00003][00002][00003][00008][00004][00009][00001][00001][00002][00008][00005][00004][00009][00001][00003]
[00000][00012][00007][00013][00003][00001][00003][00008][00005][00009][00000][00003][00001][00002][00001][00012][00016][00005][00005][00017][00013][00000][00003][00002][00002][00001][00012][00007][00007][00007][00007][00016][00005][00004][00005][00009][00001][00002][00001][00001][00001][00001][00003][00003][00002][00003][00000][00003][00001][00003][00002][00001][00000][00001][00000][00000][00000][00003][00003][00000][00001][00002][00002][00002][00001][00003][00002][00001][00002][00010][00006][00011][00000][00008][00005][00009][00003][00002][00000][00002][00001][00000][00002][00001][00010][00006][00006][00011][00012][00007][00013][00003][00001][00002][00012][00007][00007][00013][00000][00001]
[00002][00000][00001][00002][00000][00001][00001][00012][00007][00013][00000][00001][00001][00002][00000][00002][00008][00004][00005][00009][00000][00000][00001][00003][00001][00003][00001][00001][00001][00000][00002][00012][00007][00007][00007][00013][00002][00000][00003][00003][00000][00000][00002][00003][00003][00003][00010][00006][00011][00003][00003][00003][00002][00000][00000][00000][00003][00002][00002][00003][00000][00000][00001][00002][00002][00003][00001][00003][00002][00008][00005][00015][00006][00014][00004][00009][00003][00001][00000][00000][00002][00003][00000][00001][00008][00004][00004][00009][00000][00001][00003][00001][00002][00003][00000][00002][00000][00003][00003][00000]
[00001][00010][00006][00011][00003][00000][00001][00002][00002][00003][00000][00003][00003][00003][00002][00001][00012][00007][00007][00013][00003][00003][00001][00002][00001][00002][00002][00002][00010][00006][00011][00000][00002][00003][00001][00000][00002][00003][00000][00002][00002][00001][00001][00001][00001][00003][00008][00004][00009][00003][00002][00001][00001][00001][00000][00001][00003][00003][00000][00003][00002][00001][00002][00003][00001][00001][00003][00003][00000][00012][00007][00007][00016][00005][00005][00009][00003][00001][00001][00001][00001][00002][00000][00002][00012][00007][00007][00013][00001][00003][00003][00001][00000][00001][00003][00001][00003][00001][00003][00002]
[00003][00008][00004][00009][00003][00001][00003][00003][00002][00010][00006][00006][00011][00000][00002][00001][00000][00001][00003][00002][00000][00001][00000][00010][00006][00011][00000][00000][00008][00005][00009][00000][00000][00001][00002][00003][00000][00003][00002][00003][00002][00002][00002][00010][00006][00011][00012][00007][00013][00000][00000][00003][00002][00001][00000][00001][00000][00000][00010][00006][00011][00002][00002][00001][00003][00001][00003][00000][00000][00001][00002][00001][00012][00007][00007][00013][00001][00000][00003][00001][00003][00001][00000][00001][00003][00001][00002][00001][00003][00010][00006][00006][00011][00001][00002][00003][00003][00001][00003][00001]
[00002][00012][00007][00013][00000][00000][00003][00003][00010][00014][00004][00005][00015][00006][00006][00011][00003][00002][00002][00000][00002][00000][00000][00008][00005][00009][00001][00001][00012][00007][00013][00000][00010][00006][00011][00002][00002][00003][00003][00002][00010][00006][00006][00014][00005][00009][00001][00000][00000][00001][00003][00001][00001][00002][00001][00003][00001][00003][00008][00004][00009][00001][00002][00001][00001][00003][00002][00010][00006][00011][00001][00003][00001][00002][00001][00002][00003][00003][00000][00010][00006][00011][00003][00000][00000][00000][00002][00003][00001][00008][00005][00004][00015][00011][00000][00001][00000][00003][00000][00000]
[00000][00003][00003][00002][00000][00003][00001][00001][00008][00004][00005][00017][00007][00016][00005][00009][00000][00003][00003][00001][00003][00002][00000][00012][00007][00013][00000][00000][00000][00000][00001][00002][00008][00004][00009][00002][00002][00003][00001][00001][00008][00005][00004][00017][00007][00013][00000][00003][00002][00003][00003][00000][00003][00002][00000][00002][00003][00002][00012][00007][00013][00001][00002][00001][00000][00003][00003][00008][00004][00015][00011][00003][00000][00001][00001][00003][00000][00001][00000][00008][00004][00009][00002][00003][00003][00001][00001][00000][00003][00012][00007][00016][00004][00009][00000][00001][00003][00000][00002][00003]
[00000][00002][00000][00001][00002][00001][00003][00003][00012][00007][00007][00013][00000][00012][00016][00015][00006][00006][00011][00002][00002][00001][00000][00001][00000][00000][00001][00000][00000][00001][00010][00006][00014][00017][00013][00003][00002][00000][00001][00002][00012][00016][00005][00009][00003][00002][00001][00002][00010][00006][00011][00002][00003][00010][00006][00011][00001][00000][00000][00001][00001][00000][00002][00000][00002][00001][00002][00012][00016][00004][00009][00003][00001][00003][00001][00002][00001][00000][00002][00012][00007][00013][00002][00002][00001][00001][00002][00002][00000][00003][00000][00008][00004][00009][00000][00003][00010][00006][00011][00001]
[00002][00010][00006][00011][00003][00001][00002][00000][00003][00001][00002][00003][00003][00001][00008][00004][00005][00005][00009][00002][00010][00006][00011][00000][00002][00003][00002][00000][00001][00003][00008][00004][00004][00009][00002][00000][00000][00002][00003][00002][00001][00008][00004][00015][00011][00000][00002][00010][00014][00004][00009][00003][00003][00008][00004][00009][00000][00003][00001][00002][00000][00002][00000][00003][00001][00000][00002][00000][00012][00007][00013][00000][00002][00002][00001][00003][00002][00001][00003][00001][00000][00000][00001][00001][00001][00002][00003][00000][00003][00002][00003][00012][00016][00009][00002][00010][00014][00004][00009][00003]
[00001][00008][00005][00015][00006][00006][00011][00001][00002][00003][00003][00003][00001][00003][00012][00007][00007][00007][00013][00010][00014][00004][00015][00011][00000][00000][00000][00000][00003][00003][00008][00004][00004][00009][00003][00001][00002][00002][00001][00002][00001][00012][00016][00004][00009][00000][00003][00008][00004][00004][00015][00011][00002][00008][00004][00015][00006][00006][00011][00002][00003][00001][00002][00001][00003][00001][00002][00002][00003][00001][00000][00001][00001][00002][00001][00001][00002][00000][00003][00002][00002][00001][00003][00003][00000][00000][00001][00001][00002][00003][00001][00002][00008][00015][00006][00014][00004][00017][00013][00003]
[00010][00014][00005][00005][00005][00005][00015][00011][00003][00002][00002][00003][00003][00000][00000][00000][00002][00001][00001][00008][00005][00005][00004][00009][00001][00001][00002][00000][00000][00000][00008][00004][00005][00015][00011][00002][00002][00000][00003][00000][00000][00003][00012][00007][00013][00002][00000][00012][00007][00016][00005][00009][00000][00012][00007][00007][00016][00005][00009][00002][00002][00003][00000][00002][00000][00001][00002][00000][00003][00000][00010][00006][00006][00011][00003][00002][00001][00003][00001][00000][00000][00003][00000][00002][00002][00000][00000][00000][00010][00006][00011][00001][00008][00005][00004][00005][00005][00009][00003][00001]
[00004][00005][00017][00007][00007][00016][00005][00009][00002][00000][00001][00000][00003][00000][00000][00010][00006][00006][00006][00014][00017][00007][00007][00013][00003][00003][00003][00000][00001][00010][00014][00005][00004][00005][00009][00003][00010][00006][00011][00003][00003][00001][00002][00002][00003][00000][00002][00000][00003][00008][00004][00009][00001][00002][00003][00003][00012][00007][00013][00010][00006][00011][00003][00000][00002][00002][00000][00010][00006][00006][00014][00004][00005][00009][00003][00002][00002][00001][00003][00001][00002][00003][00001][00003][00002][00003][00000][00001][00008][00005][00009][00002][00012][00016][00004][00005][00005][00009][00001][00001]
[00012][00007][00013][00002][00000][00012][00007][00013][00002][00002][00000][00001][00000][00002][00003][00008][00004][00005][00005][00005][00009][00003][00002][00001][00002][00002][00001][00003][00000][00008][00004][00004][00017][00007][00013][00003][00008][00005][00009][00001][00002][00001][00002][00002][00001][00000][00001][00003][00003][00008][00005][00009][00000][00000][00002][00000][00000][00003][00003][00008][00005][00009][00000][00000][00003][00000][00001][00008][00005][00017][00007][00007][00007][00013][00002][00001][00003][00001][00000][00001][00000][00010][00006][00011][00000][00001][00001][00000][00012][00007][00013][00001][00001][00012][00016][00004][00005][00009][00001][00001]
[00002][00002][00000][00000][00001][00002][00001][00003][00001][00000][00001][00000][00002][00000][00002][00012][00007][00007][00007][00007][00013][00002][00002][00002][00003][00000][00003][00010][00006][00014][00004][00004][00009][00000][00001][00002][00012][00007][00013][00001][00002][00001][00002][00003][00003][00000][00003][00003][00002][00008][00004][00009][00000][00000][00003][00000][00002][00002][00000][00012][00007][00013][00002][00003][00002][00003][00002][00012][00007][00013][00000][00002][00000][00002][00002][00000][00001][00001][00001][00002][00010][00014][00005][00009][00002][00001][00002][00003][00000][00001][00002][00001][00000][00002][00012][00007][00007][00013][00003][00002]
[00006][00011][00003][00002][00001][00001][00000][00001][00002][00001][00002][00003][00003][00003][00003][00001][00003][00000][00000][00001][00000][00001][00003][00002][00002][00000][00002][00008][00005][00017][00007][00007][00013][00000][00001][00002][00000][00000][00000][00003][00003][00003][00001][00001][00000][00000][00000][00003][00002][00008][00005][00009][00003][00002][00000][00003][00001][00001][00001][00003][00001][00002][00001][00003][00000][00003][00001][00000][00003][00003][00003][00000][00003][00000][00001][00002][00003][00001][00003][00001][00008][00005][00017][00013][00000][00000][00000][00001][00003][00003][00000][00000][00003][00002][00001][00001][00002][00002][00003][00000]
[00004][00009][00001][00001][00002][00002][00000][00000][00000][00001][00000][00000][00000][00002][00001][00010][00006][00011][00003][00003][00003][00003][00002][00003][00001][00003][00003][00008][00004][00009][00002][00001][00001][00002][00002][00001][00003][00003][00000][00003][00003][00000][00000][00001][00003][00001][00000][00001][00003][00012][00007][00013][00000][00000][00003][00001][00003][00002][00000][00000][00002][00002][00002][00001][00002][00002][00001][00002][00003][00003][00001][00003][00003][00000][00002][00001][00002][00003][00003][00000][00012][00007][00013][00003][00000][00002][00000][00001][00001][00003][00001][00001][00000][00010][00006][00011][00001][00002][00003][00000]
[00004][00009][00000][00003][00002][00003][00000][00001][00002][00002][00001][00002][00003][00002][00000][00008][00004][00009][00001][00003][00003][00001][00002][00000][00010][00006][00006][00014][00005][00009][00003][00000][00003][00003][00003][00002][00000][00002][00002][00003][00000][00003][00002][00003][00001][00001][00003][00003][00001][00003][00003][00001][00000][00000][00003][00000][00002][00003][00001][00003][00000][00000][00002][00001][00003][00002][00001][00003][00003][00000][00003][00001][00003][00001][00003][00003][00000][00003][00010][00006][00011][00002][00003][00003][00002][00001][00003][00000][00000][00002][00001][00003][00000][00008][00005][00009][00000][00002][00001][00000]
[00007][00013][00001][00002][00000][00000][00001][00001][00002][00000][00003][00003][00003][00000][00002][00008][00005][00009][00002][00001][00000][00003][00000][00001][00008][00005][00004][00005][00005][00009][00001][00000][00002][00001][00001][00002][00003][00003][00001][00003][00002][00002][00001][00002][00010][00006][00011][00003][00003][00003][00003][00002][00002][00002][00000][00002][00003][00000][00002][00001][00002][00002][00003][00003][00002][00001][00003][00003][00003][00002][00000][00000][00003][00001][00000][00002][00003][00010][00014][00004][00009][00002][00000][00003][00000][00003][00003][00001][00002][00003][00000][00001][00000][00012][00007][00013][00002][00003][00010][00006]
[00002][00001][00001][00000][00003][00001][00003][00000][00002][00003][00000][00001][00003][00000][00010][00014][00005][00015][00006][00011][00000][00000][00003][00000][00012][00007][00007][00007][00007][00013][00003][00001][00003][00000][00002][00000][00003][00000][00001][00001][00000][00001][00001][00001][00008][00005][00009][00000][00003][00001][00001][00002][00000][00001][00002][00001][00000][00001][00001][00000][00000][00000][00001][00003][00003][00003][00010][00006][00006][00006][00006][00011][00002][00003][00003][00001][00001][00008][00005][00017][00013][00000][00001][00001][00001][00002][00002][00003][00003][00002][00002][00000][00002][00001][00002][00001][00002][00001][00008][00005]
[00000][00001][00000][00001][00001][00000][00002][00002][00000][00003][00003][00001][00000][00010][00014][00005][00004][00004][00005][00009][00001][00000][00002][00002][00000][00000][00002][00001][00001][00000][00000][00003][00001][00003][00002][00001][00001][00002][00000][00003][00001][00003][00010][00006][00018][00007][00013][00001][00003][00003][00003][00000][00002][00000][00003][00002][00002][00001][00000][00000][00001][00002][00003][00003][00003][00010][00014][00005][00005][00005][00004][00009][00000][00002][00001][00000][00001][00012][00007][00013][00002][00002][00003][00002][00003][00003][00000][00003][00001][00002][00000][00001][00002][00003][00001][00000][00001][00000][00012][00007]
[00003][00001][00002][00002][00000][00001][00002][00002][00001][00001][00002][00003][00000][00008][00005][00005][00005][00017][00007][00013][00002][00001][00002][00001][00000][00002][00001][00002][00002][00000][00003][00003][00003][00000][00000][00001][00003][00002][00002][00003][00000][00002][00008][00004][00009][00002][00000][00000][00002][00001][00003][00000][00010][00006][00011][00000][00001][00003][00000][00010][00006][00006][00006][00006][00006][00014][00005][00005][00004][00005][00004][00009][00000][00001][00003][00002][00003][00001][00002][00000][00000][00001][00003][00000][00002][00000][00003][00001][00003][00002][00000][00003][00000][00001][00001][00001][00003][00001][00002][00003]
[00000][00000][00002][00001][00000][00003][00000][00003][00000][00000][00003][00001][00003][00012][00016][00005][00005][00009][00002][00001][00000][00002][00002][00000][00001][00001][00002][00001][00001][00003][00001][00001][00003][00002][00000][00003][00001][00001][00003][00003][00002][00000][00008][00004][00009][00001][00002][00001][00003][00002][00010][00006][00014][00004][00015][00011][00000][00001][00002][00008][00004][00004][00004][00004][00004][00005][00004][00005][00005][00004][00005][00009][00003][00001][00001][00001][00002][00000][00002][00002][00002][00000][00001][00000][00003][00002][00000][00000][00003][00000][00001][00002][00000][00003][00000][00000][00002][00002][00002][00000]
[00002][00002][00000][00001][00000][00002][00002][00002][00000][00000][00001][00003][00000][00001][00008][00004][00005][00009][00000][00001][00003][00002][00001][00002][00000][00001][00002][00001][00002][00003][00001][00001][00001][00002][00003][00002][00010][00006][00011][00000][00000][00002][00012][00007][00013][00000][00001][00003][00002][00003][00008][00004][00004][00004][00004][00015][00011][00000][00002][00012][00016][00005][00017][00007][00016][00005][00004][00017][00007][00007][00007][00013][00000][00001][00000][00003][00000][00002][00002][00003][00001][00002][00001][00002][00003][00003][00000][00003][00002][00002][00001][00000][00000][00003][00000][00000][00000][00002][00001][00002]
[00003][00000][00003][00010][00006][00006][00011][00002][00002][00002][00001][00003][00003][00003][00008][00005][00017][00013][00003][00000][00001][00000][00003][00000][00000][00002][00003][00000][00000][00001][00001][00000][00002][00003][00003][00002][00008][00005][00015][00011][00001][00002][00000][00002][00002][00003][00002][00001][00002][00010][00014][00004][00005][00005][00005][00005][00009][00000][00002][00000][00012][00007][00013][00001][00008][00005][00004][00009][00001][00001][00001][00000][00003][00002][00003][00010][00006][00011][00002][00003][00003][00001][00000][00002][00001][00000][00002][00003][00000][00002][00000][00003][00002][00002][00001][00002][00002][00002][00003][00002]
[00001][00000][00001][00008][00005][00004][00009][00001][00003][00000][00003][00010][00006][00011][00012][00007][00013][00001][00000][00003][00003][00000][00000][00000][00001][00001][00001][00001][00000][00002][00000][00003][00003][00010][00006][00006][00014][00004][00004][00009][00003][00003][00002][00000][00003][00002][00003][00001][00003][00008][00005][00004][00005][00004][00017][00007][00013][00002][00003][00002][00000][00001][00001][00002][00008][00004][00017][00013][00000][00002][00002][00001][00001][00000][00010][00014][00004][00009][00003][00001][00003][00003][00003][00001][00003][00000][00003][00002][00001][00001][00001][00000][00000][00003][00001][00000][00002][00002][00001][00000]
[00003][00002][00002][00012][00007][00007][00013][00002][00003][00001][00002][00008][00004][00009][00000][00003][00003][00001][00002][00000][00000][00002][00003][00003][00002][00010][00006][00006][00011][00002][00002][00000][00003][00008][00005][00004][00017][00007][00007][00013][00001][00001][00003][00002][00003][00000][00003][00001][00000][00008][00005][00004][00004][00004][00009][00003][00002][00003][00002][00002][00000][00000][00001][00001][00012][00007][00013][00002][00001][00000][00000][00000][00000][00001][00008][00005][00004][00015][00006][00011][00001][00003][00003][00003][00001][00001][00000][00000][00001][00003][00001][00000][00002][00002][00001][00003][00002][00002][00002][00000]
[00003][00001][00001][00000][00000][00001][00002][00002][00000][00001][00003][00012][00016][00009][00003][00001][00010][00006][00011][00003][00010][00006][00006][00011][00002][00008][00005][00004][00015][00011][00001][00001][00001][00012][00016][00004][00009][00003][00003][00000][00000][00010][00006][00011][00000][00001][00002][00002][00010][00014][00017][00007][00007][00007][00013][00002][00003][00003][00000][00003][00001][00000][00003][00002][00000][00000][00002][00002][00003][00002][00000][00001][00001][00003][00012][00007][00016][00004][00004][00009][00001][00000][00003][00003][00000][00000][00003][00000][00000][00003][00003][00002][00002][00000][00001][00003][00010][00006][00011][00003]
[00002][00000][00000][00001][00003][00000][00003][00010][00006][00006][00011][00003][00008][00015][00006][00006][00014][00005][00015][00006][00014][00005][00004][00009][00000][00008][00005][00004][00004][00009][00003][00003][00000][00001][00008][00005][00009][00002][00003][00003][00003][00008][00004][00009][00003][00003][00002][00000][00008][00005][00009][00002][00002][00002][00002][00001][00003][00001][00003][00002][00000][00001][00000][00001][00000][00003][00003][00003][00001][00002][00000][00003][00000][00002][00000][00003][00012][00007][00007][00013][00001][00002][00000][00002][00000][00002][00000][00003][00000][00000][00002][00003][00002][00003][00000][00002][00008][00004][00009][00003]
[00002][00001][00002][00001][00002][00000][00002][00008][00005][00004][00009][00000][00008][00004][00005][00005][00005][00005][00005][00017][00007][00007][00016][00009][00002][00012][00007][00016][00005][00009][00000][00002][00001][00010][00014][00005][00009][00003][00000][00003][00000][00008][00005][00009][00003][00002][00002][00000][00008][00004][00009][00000][00000][00000][00003][00000][00001][00003][00002][00010][00006][00011][00002][00001][00001][00003][00003][00000][00003][00002][00000][00003][00000][00001][00000][00000][00000][00002][00003][00003][00003][00000][00001][00003][00002][00003][00000][00003][00003][00000][00000][00000][00001][00003][00010][00006][00014][00005][00009][00002]
[00000][00003][00000][00000][00002][00000][00000][00012][00007][00007][00013][00002][00012][00007][00007][00007][00007][00007][00007][00013][00002][00001][00008][00015][00011][00003][00001][00008][00004][00009][00003][00001][00001][00008][00005][00017][00013][00003][00002][00002][00002][00012][00007][00013][00000][00000][00003][00003][00008][00004][00015][00006][00006][00011][00001][00000][00002][00000][00001][00008][00005][00015][00011][00001][00000][00003][00002][00002][00002][00000][00002][00000][00000][00000][00000][00001][00003][00002][00003][00003][00001][00002][00002][00002][00002][00010][00006][00011][00000][00000][00003][00000][00001][00010][00014][00004][00017][00007][00013][00003]
[00002][00001][00001][00000][00002][00000][00000][00001][00002][00003][00002][00002][00000][00002][00000][00002][00002][00001][00000][00001][00001][00003][00008][00004][00009][00000][00000][00012][00016][00015][00011][00003][00001][00008][00004][00009][00000][00000][00000][00000][00002][00003][00003][00000][00003][00003][00001][00010][00014][00017][00007][00016][00005][00015][00011][00003][00000][00003][00002][00012][00016][00005][00009][00001][00003][00003][00001][00000][00000][00001][00000][00000][00002][00003][00001][00003][00000][00003][00000][00003][00000][00001][00010][00006][00006][00014][00005][00009][00000][00002][00002][00002][00001][00008][00005][00004][00009][00000][00002][00002]
[00000][00000][00000][00002][00000][00002][00000][00003][00000][00002][00000][00002][00000][00003][00003][00001][00003][00003][00001][00002][00001][00003][00012][00007][00019][00006][00011][00003][00008][00005][00009][00000][00001][00008][00005][00009][00001][00002][00001][00000][00003][00003][00003][00000][00000][00010][00006][00014][00005][00009][00003][00012][00016][00004][00009][00000][00001][00002][00000][00002][00008][00017][00013][00000][00002][00002][00001][00000][00002][00001][00002][00003][00003][00000][00000][00000][00001][00002][00003][00002][00002][00003][00008][00004][00004][00004][00005][00009][00000][00000][00002][00000][00003][00012][00016][00005][00009][00002][00003][00003]
[00003][00002][00003][00001][00003][00003][00003][00003][00001][00001][00001][00003][00003][00000][00003][00002][00003][00001][00001][00002][00003][00003][00003][00002][00008][00004][00015][00006][00014][00004][00009][00001][00003][00008][00005][00015][00011][00002][00001][00003][00002][00000][00002][00002][00003][00008][00004][00017][00007][00013][00003][00000][00008][00004][00015][00011][00003][00003][00010][00006][00014][00009][00000][00002][00003][00000][00003][00000][00002][00000][00001][00000][00003][00001][00000][00002][00000][00000][00003][00002][00003][00001][00012][00016][00005][00017][00007][00013][00001][00001][00002][00002][00001][00003][00008][00004][00015][00011][00000][00002]
[00000][00000][00002][00002][00003][00000][00001][00001][00000][00001][00000][00000][00001][00003][00003][00002][00000][00000][00003][00000][00002][00010][00006][00011][00012][00016][00005][00004][00017][00007][00013][00000][00003][00008][00005][00005][00009][00002][00000][00000][00001][00001][00002][00002][00000][00012][00007][00013][00000][00000][00002][00002][00008][00004][00005][00009][00002][00003][00008][00005][00004][00009][00002][00001][00003][00001][00002][00000][00003][00000][00003][00002][00003][00001][00003][00000][00003][00001][00001][00002][00001][00002][00001][00008][00005][00009][00003][00000][00001][00001][00002][00000][00000][00000][00008][00005][00004][00015][00011][00000]
[00000][00003][00001][00001][00003][00002][00000][00001][00003][00003][00002][00003][00000][00001][00003][00003][00000][00002][00000][00000][00003][00008][00005][00009][00001][00008][00005][00005][00009][00003][00002][00000][00000][00012][00007][00007][00013][00003][00010][00006][00006][00011][00002][00000][00003][00002][00002][00001][00003][00001][00001][00000][00012][00007][00007][00013][00001][00002][00012][00007][00007][00013][00000][00003][00003][00001][00001][00001][00001][00003][00002][00003][00001][00003][00001][00010][00006][00011][00001][00000][00000][00000][00001][00008][00005][00015][00006][00006][00006][00006][00006][00011][00002][00000][00008][00004][00005][00005][00009][00000]
[00002][00000][00003][00002][00000][00002][00001][00001][00002][00003][00003][00003][00000][00000][00002][00000][00003][00000][00002][00001][00003][00012][00007][00013][00002][00012][00007][00007][00013][00002][00003][00003][00003][00000][00002][00003][00003][00000][00008][00005][00004][00009][00002][00010][00006][00011][00000][00000][00003][00000][00002][00000][00002][00000][00000][00002][00000][00003][00000][00001][00001][00003][00002][00000][00003][00003][00002][00001][00002][00001][00001][00000][00001][00000][00010][00014][00004][00009][00000][00003][00003][00000][00000][00012][00007][00007][00016][00005][00005][00004][00005][00009][00000][00002][00012][00007][00007][00007][00013][00002]
[00002][00002][00001][00001][00002][00000][00000][00002][00000][00002][00010][00006][00011][00000][00000][00002][00000][00001][00002][00003][00003][00001][00000][00002][00000][00001][00002][00001][00002][00001][00002][00001][00000][00000][00002][00000][00002][00002][00012][00016][00005][00009][00002][00008][00005][00009][00002][00001][00001][00003][00003][00000][00002][00001][00003][00002][00002][00001][00001][00002][00003][00001][00001][00001][00003][00001][00000][00001][00001][00002][00001][00001][00002][00003][00008][00005][00017][00013][00002][00000][00002][00003][00001][00003][00001][00000][00012][00007][00007][00007][00007][00013][00000][00003][00000][00000][00003][00000][00003][00001]
[00003][00000][00003][00001][00000][00001][00000][00003][00001][00010][00014][00004][00009][00000][00003][00001][00010][00006][00011][00001][00001][00001][00003][00002][00000][00001][00003][00001][00000][00002][00002][00003][00001][00002][00002][00003][00002][00000][00001][00012][00007][00013][00001][00012][00007][00013][00003][00003][00002][00003][00002][00000][00003][00002][00001][00001][00002][00002][00001][00002][00002][00003][00003][00002][00002][00000][00003][00003][00002][00002][00001][00003][00003][00003][00012][00007][00013][00002][00002][00002][00002][00000][00002][00002][00003][00002][00003][00000][00003][00001][00001][00003][00001][00003][00000][00003][00000][00003][00002][00001]
[00002][00003][00002][00000][00000][00001][00003][00001][00000][00008][00005][00004][00013][00001][00001][00000][00008][00005][00009][00000][00001][00003][00002][00002][00003][00003][00001][00001][00003][00003][00003][00000][00003][00002][00002][00000][00003][00002][00001][00000][00003][00003][00001][00002][00001][00002][00003][00001][00002][00002][00002][00001][00001][00002][00000][00002][00000][00000][00000][00000][00001][00002][00002][00001][00003][00000][00002][00003][00000][00000][00000][00003][00001][00002][00001][00003][00003][00002][00003][00001][00003][00003][00000][00000][00003][00001][00000][00000][00000][00001][00001][00003][00001][00003][00000][00002][00000][00002][00003][00001]
#Objects: on format [x][y][name][life][z-index]
